* Input *
0.4566053869
0.148296993
0.2112868747
0.3573749466
0.558116004
0.5853071113
0.08381074533
0.2222887274
0.2367250962
0.2069687901
0.1625195953
0.310916346
1
0.4707852359
0.2038763004
0.2925894257
0.155664814
0.2097620066
0.2826564059
0.3387202508
0.1692033633
0.3246116574
0.2410289297
0.05191677355
0.4496223457
0.1586717971
0.4387915063
0.1909505487
0.2233718113
0.2106598261
0.1921048881
0.06958814308
0.4571184267
0.7225309962
0.2045888556
0.3934159897
0
0.6397605814
0.5341741485
0.5089496936
0.1186546957
0.3919908793
0.3555793074
0.365897107
0.208465156
0.4882855921
0.509134958
0.07290865042
0.07290865042
0.2866039618
0.3130255095
0.2404731367
0.3803904803
0.2231722959
0.6029784808
0.3708992447
0.1839960097
0.3210203791
0.1391620351
0.4672224597
0.2782670657
0.2838249964
0.2035057717
0.4011970928
0.3645575032
0.5240273621
0.4671369531
0.3369103606
0.3594983611
0.1038050449
0.1839960097
0.2240701154
0.1153769417
0.4801909648
0.3803477269
0.2731509192
0.08359697877
0.4830696879
0.08713125267
0.3869174861
0.2551375232
0.5793073963
0.3267208209
0.2373948981
0.07290865042
0.07290865042
0.3047313667
0.4481259798
0.5025081944
0.5420692604
0.1783810745
0.1672937153
0.4061707282
0.3813025509
0.03636881858
0.2314094342
0.5610944848
0.7945275759
0.1652843095
0.1133247827
0.1534986461
0.2033917629
0.4216474277
0.3458315519
0.5934017386
0.6612369959
0.1739774833
0.08724526151
0.3459598119
0.4228160182
0.1016958814
0.677625766
0.3415134673
0.2029214764
0.4305686191
0.1102465441
0.1596978766
0.2043893402
0.3377369246
0.2195667664
0.0958529286
0.4859056577
0.1664529001
0.3594983611
0.2928744478
0.2142083511
0.4447342169
0.5015818726
0.5012540972
0.4063844948
0.4131395183
0.2428673222
0.1540686903
0.4310389055
0.07020094057
_