* Target *
0.2235698589
0.04825836336
0.03046893205
0.180193115
0.7229049324
0.7547751136
0.02307275276
0.03180741532
0.1274540495
0.06253525679
0.05171911936
0.1598859857
0.7872800153
0.1173934568
0.05354717683
0.07461220468
0.05005189957
0.06321548247
0.1475320832
0.1627018219
0.05334554131
0.0816113895
0.129335458
0.002258004028
0.2205170814
0.05078312256
0.2157829617
0.02799438559
0.06652716941
0.06343359405
0.05891837057
0.0291053424
0.223794247
0.9156135722
0.06195624117
0.1959481459
0
0.8185994255
0.6948422889
0.246450391
0.0410457744
0.1953251942
0.179408541
0.1839190571
0.06289929914
0.2374175903
0.2465319867
0.02991345364
0.02991345364
0.002227405641
0.04904136823
0.04904136823
0.1902544923
0.0108443821
0.7754870832
0.1863410371
0.02991345364
0.1643023529
0.0009563957297
0.2282106142
0.1456137997
0.1480428409
0.01106249367
0.1993492743
0.1833329803
0.2530415973
0.2281729546
0.08429934009
0.1811220507
0.002215637031
0.05694516691
0.1423805702
0.04024786262
0.2338791615
0.1902356625
0.1433769792
0.03251510109
0.2351376182
0.04242505553
0.1931072034
0.1355029943
0.2772056926
0.1667941599
0.1277474801
0.02991345364
0.02991345364
0.1571815591
0.2198580392
0.2436353394
0.2609281354
0.05557922354
0.05288107349
0.2015233289
0.1906530559
0.001583270371
0.1276290095
0.7263955022
1
0.05239228387
0.04961881471
0.03428274635
0.06166516421
0.2082910644
0.08624900653
0.2833669523
0.8437716984
0.05450749543
0.04961881471
0.1752040089
0.2087994684
0.1025030265
0.04319629179
0.4865779
0.0615506164
0.2121880436
0.03899960536
0.0510326171
0.06190759758
0.1716098753
0.06560137206
0.03549726694
0.2357754769
0.05267629967
0.1811220507
0.1519986631
0.03082434408
0.2183806863
0.2432297146
0.2430869222
0.2016166932
0.2045698298
0.1301396463
0.04965882799
0.212393602
0.01330323707
_