layer 0
-0.018428972517586427 -0.021111231521024343 -0.004204043557192932 
0.0828302589003271 0.08019737393122077 0.09636536008434438 
0.18486936126855014 0.18215999258354504 0.19763107261426618 

layer 1
0.10376794457127389 0.0893778110545685 0.07576171584233223 
0.20411348951296726 0.1901108673873926 0.17686314564987532 

layer 2
0.21748497423905663 0.21245010587917013 
0.31734323146549276 0.31231649943319156 

layer 3
0.45111055963609675 0.4570887490849852 
0.5638301402089895 0.5703988909878914 

layer 4
-1.4089209510774363 -1.496539471138036 

